# C3 positional witnesses — C1&C2&C4&C5 orderings at prescribed couple-distance sums G
# (C3 = 16 + 8*G; KW has G = 95, C3 = 776.) One witness per line: G=<g> C3=<c3> SEQ=<64 ints>.
# Rows: G = 12..51 (every integer rung populated: G = 12 is the structural floor, achieved),
# G = 95 with pair-slot layout != KW (tie non-uniqueness), G = 97 (population above the ceiling).
# Regenerate (kissat + decode; see documentation/SAT_CLI.md):
#   floor/ladder: python3 sat.py --emit-cnf plain f.cnf --c3-min $((16+8*G)) --c3-max $((16+8*G))
#   tie:          python3 sat.py --emit-cnf plain f.cnf --c3-min 776 --c3-max 776 --not-kw
#   above:        python3 sat.py --emit-cnf plain f.cnf --c3-min 784
#   then:         kissat -q f.cnf > m.txt && python3 sat.py --decode m.txt plain <same flags>
# Check any line without a SAT solver: the sequence is a permutation of 0..63 starting 63,0
# (C1, C4), has no Hamming-distance-5 step (C2), KW's step-distance multiset (C5), and
# sum_h |pos(h)-pos(h^63)| = C3 (verify.py: hamming/KW_DIST/compute_comp_dist).
G=12 C3=112  # floor (G structural minimum, achieved)
SEQ=63 0 33 30 56 7 5 40 58 23 25 38 53 43 10 20 19 50 44 13 3 48 15 60 22 26 41 37 12 51 32 1 31 62 45 18 34 17 29 46 61 47 2 16 57 39 6 24 11 52 54 27 9 36 21 42 35 49 28 14 59 55 4 8
G=13 C3=120  # ladder rung
SEQ=63 0 6 24 57 39 21 42 33 30 55 59 8 4 53 43 20 10 18 45 54 27 9 36 32 1 31 62 51 12 61 47 2 16 28 14 35 49 48 3 15 60 25 38 40 5 23 58 52 11 17 34 7 56 29 46 26 22 37 41 13 44 50 19
G=14 C3=128  # ladder rung
SEQ=63 0 26 22 37 41 11 52 16 2 40 5 61 47 58 23 25 38 51 12 31 62 32 1 59 55 4 8 30 33 15 60 48 3 21 42 43 53 20 10 28 14 35 49 18 45 29 46 17 34 56 7 6 24 57 39 54 27 9 36 13 44 50 19
G=15 C3=136  # ladder rung
SEQ=63 0 38 25 32 1 31 62 18 45 41 37 22 26 61 47 2 16 51 12 52 11 33 30 21 42 43 53 50 19 13 44 10 20 54 27 9 36 60 15 3 48 40 5 23 58 14 28 49 35 46 29 7 56 34 17 24 6 39 57 8 4 59 55
G=16 C3=144  # ladder rung
SEQ=63 0 38 25 20 10 42 21 53 43 55 59 8 4 33 30 54 27 9 36 12 51 7 56 37 41 26 22 47 61 2 16 6 24 57 39 11 52 32 1 31 62 40 5 23 58 14 28 17 34 46 29 18 45 49 35 15 60 48 3 50 19 13 44
G=17 C3=152  # ladder rung
SEQ=63 0 25 38 40 5 2 16 61 47 12 51 22 26 41 37 23 58 46 29 17 34 39 57 24 6 7 56 43 53 10 20 55 59 8 4 18 45 28 14 35 49 31 62 32 1 48 3 15 60 52 11 30 33 9 36 54 27 13 44 50 19 21 42
G=18 C3=160  # ladder rung
SEQ=63 0 3 48 60 15 31 62 32 1 40 5 23 58 28 14 35 49 61 47 2 16 27 54 9 36 55 59 8 4 33 30 42 21 20 10 43 53 7 56 17 34 52 11 12 51 41 37 22 26 57 39 6 24 29 46 18 45 38 25 13 44 50 19
G=19 C3=168  # ladder rung
SEQ=63 0 54 27 9 36 22 26 41 37 29 46 17 34 24 6 39 57 31 62 32 1 44 13 19 50 20 10 15 60 53 43 3 48 4 8 58 23 55 59 40 5 52 11 35 49 33 30 21 42 18 45 28 14 38 25 51 12 56 7 2 16 61 47
G=20 C3=176  # ladder rung
SEQ=63 0 28 14 35 49 33 30 29 46 18 45 7 56 17 34 23 58 40 5 61 47 2 16 53 43 20 10 59 55 4 8 25 38 50 19 57 39 6 24 48 3 13 44 15 60 36 9 1 32 62 31 54 27 41 37 22 26 12 51 11 52 21 42
G=21 C3=184  # ladder rung
SEQ=63 0 50 19 13 44 54 27 9 36 24 6 52 11 57 39 35 49 60 15 3 48 17 34 29 46 40 5 28 14 45 18 23 58 31 62 32 1 4 8 33 30 55 59 22 26 41 37 61 47 2 16 20 10 43 53 38 25 12 51 21 42 7 56
G=22 C3=192  # ladder rung
SEQ=63 0 50 19 54 27 9 36 5 40 26 22 58 23 13 44 41 37 6 24 57 39 29 46 31 62 32 1 17 34 35 49 28 14 20 10 53 43 60 15 3 48 61 47 2 16 25 38 4 8 59 55 18 45 21 42 51 12 33 30 52 11 7 56
G=23 C3=200  # ladder rung
SEQ=63 0 16 2 12 51 61 47 58 23 26 22 6 24 5 40 37 41 39 57 62 31 1 32 46 29 56 7 33 30 3 48 15 60 17 34 43 53 20 10 25 38 50 19 13 44 54 27 9 36 45 18 42 21 28 14 35 49 52 11 8 4 55 59
G=24 C3=208  # ladder rung
SEQ=63 0 36 9 54 27 47 61 16 2 33 30 20 10 43 53 22 26 41 37 17 34 52 11 57 39 6 24 13 44 50 19 28 14 35 49 40 5 23 58 51 12 62 31 1 32 46 29 21 42 3 48 60 15 7 56 25 38 18 45 4 8 59 55
G=25 C3=216  # ladder rung
SEQ=63 0 38 25 12 51 52 11 18 45 31 62 10 20 43 53 39 57 1 32 19 50 40 5 23 58 44 13 42 21 36 9 27 54 6 24 17 34 46 29 16 2 47 61 15 60 48 3 7 56 30 33 49 35 14 28 59 55 4 8 41 37 22 26
G=26 C3=224  # ladder rung
SEQ=63 0 13 44 31 62 53 43 49 35 19 50 28 14 10 20 38 25 1 32 45 18 15 60 3 48 21 42 9 36 54 27 11 52 29 46 7 56 17 34 40 5 23 58 30 33 2 16 61 47 57 39 6 24 12 51 22 26 41 37 59 55 4 8
G=27 C3=232  # ladder rung
SEQ=63 0 41 37 33 30 26 22 12 51 42 21 13 44 58 23 5 40 50 19 10 20 8 4 59 55 57 39 6 24 11 52 38 25 60 15 3 48 9 36 54 27 53 43 7 56 32 1 31 62 18 45 17 34 46 29 14 28 47 61 16 2 49 35
G=28 C3=240  # ladder rung
SEQ=63 0 54 27 29 46 40 5 17 34 24 6 38 25 23 58 57 39 9 36 8 4 59 55 33 30 42 21 28 14 35 49 61 47 2 16 51 12 32 1 45 18 62 31 52 11 41 37 22 26 48 3 13 44 60 15 19 50 53 43 10 20 56 7
G=29 C3=248  # ladder rung
SEQ=63 0 26 22 37 41 40 5 7 56 42 21 30 33 38 25 23 58 11 52 12 51 16 2 47 61 17 34 55 59 8 4 3 48 60 15 45 18 43 53 20 10 28 14 35 49 32 1 31 62 39 57 24 6 29 46 36 9 27 54 44 13 50 19
G=30 C3=256  # ladder rung
SEQ=63 0 54 27 9 36 24 6 57 39 20 10 43 53 45 18 4 8 40 5 55 59 26 22 52 11 23 58 41 37 61 47 30 33 35 49 28 14 34 17 29 46 7 56 44 13 19 50 60 15 2 16 51 12 21 42 3 48 38 25 32 1 31 62
G=31 C3=264  # ladder rung
SEQ=63 0 54 27 7 56 9 36 29 46 17 34 24 6 39 57 31 62 35 49 32 1 13 44 28 14 30 33 50 19 41 37 20 10 15 60 53 43 42 21 3 48 25 38 58 23 5 40 26 22 12 51 16 2 47 61 59 55 18 45 52 11 4 8
G=32 C3=272  # ladder rung
SEQ=63 0 37 41 26 22 4 8 47 61 16 2 9 36 55 59 54 27 60 15 35 49 28 14 3 48 23 58 40 5 53 43 17 34 46 29 21 42 24 6 20 10 12 51 25 38 18 45 62 31 32 1 19 50 57 39 7 56 33 30 44 13 11 52
G=33 C3=280  # ladder rung
SEQ=63 0 30 33 12 51 41 37 35 49 28 14 32 1 31 62 38 25 26 22 27 54 9 36 18 45 21 42 60 15 5 40 47 61 48 3 2 16 34 17 23 58 55 59 29 46 7 56 53 43 10 20 57 39 4 8 24 6 13 44 52 11 19 50
G=34 C3=288  # ladder rung
SEQ=63 0 19 50 27 54 26 22 20 10 41 37 36 9 53 43 5 40 58 23 48 3 60 15 44 13 21 42 38 25 28 14 35 49 18 45 29 46 4 8 59 55 7 56 34 17 57 39 52 11 30 33 24 6 47 61 16 2 1 32 51 12 62 31
G=35 C3=296  # ladder rung
SEQ=63 0 24 6 39 57 44 13 19 50 16 2 48 3 15 60 25 38 61 47 43 53 10 20 37 41 26 22 51 12 21 42 30 33 18 45 11 52 28 14 9 36 62 31 49 35 7 56 17 34 46 29 58 23 54 27 55 59 8 4 5 40 1 32
G=36 C3=304  # ladder rung
SEQ=63 0 21 42 56 7 38 25 37 41 58 23 62 31 1 32 5 40 26 22 44 13 19 50 39 57 28 14 45 18 6 24 59 55 4 8 15 60 48 3 27 54 36 9 53 43 10 20 46 29 34 17 16 2 12 51 47 61 49 35 33 30 11 52
G=37 C3=312  # ladder rung
SEQ=63 0 50 19 5 40 29 46 58 23 13 44 34 17 26 22 35 49 28 14 9 36 41 37 32 1 15 60 3 48 61 47 2 16 33 30 31 62 42 21 53 43 10 20 27 54 59 55 4 8 38 25 12 51 18 45 39 57 24 6 11 52 56 7
G=38 C3=320  # ladder rung
SEQ=63 0 26 22 37 41 3 48 53 43 60 15 20 10 59 55 61 47 51 12 21 42 18 45 52 11 56 7 8 4 40 5 23 58 38 25 2 16 28 14 9 36 35 49 17 34 46 29 31 62 32 1 24 6 39 57 33 30 27 54 44 13 50 19
G=39 C3=328  # ladder rung
SEQ=63 0 24 6 57 39 9 36 62 31 20 10 54 27 1 32 58 23 53 43 35 49 40 5 28 14 34 17 60 15 55 59 2 16 3 48 4 8 18 45 51 12 29 46 61 47 11 52 7 56 25 38 37 41 26 22 30 33 13 44 42 21 19 50
G=40 C3=336  # ladder rung
SEQ=63 0 50 19 54 27 9 36 56 7 29 46 13 44 34 17 32 1 31 62 35 49 26 22 5 40 18 45 28 14 41 37 61 47 23 58 3 48 60 15 55 59 51 12 8 4 53 43 20 10 57 39 6 24 30 33 52 11 2 16 25 38 42 21
G=41 C3=344  # ladder rung
SEQ=63 0 13 44 54 27 9 36 29 46 17 34 62 31 1 32 50 19 28 14 39 57 8 4 35 49 55 59 60 15 40 5 3 48 56 7 23 58 61 47 53 43 24 6 30 33 2 16 25 38 20 10 41 37 22 26 51 12 45 18 42 21 52 11
G=42 C3=352  # ladder rung
SEQ=63 0 43 53 39 57 10 20 21 42 6 24 54 27 34 17 46 29 9 36 28 14 38 25 19 50 40 5 23 58 8 4 45 18 35 49 48 3 55 59 26 22 60 15 41 37 12 51 31 62 32 1 44 13 30 33 56 7 11 52 61 47 2 16
G=43 C3=360  # ladder rung
SEQ=63 0 26 22 3 48 4 8 55 59 2 16 61 47 1 32 62 31 54 27 9 36 41 37 38 25 10 20 53 43 7 56 18 45 52 11 29 46 15 60 57 39 6 24 34 17 49 35 5 40 58 23 14 28 12 51 33 30 19 50 21 42 13 44
G=44 C3=368  # ladder rung
SEQ=63 0 54 27 13 44 9 36 14 28 18 45 35 49 25 38 23 58 3 48 40 5 15 60 52 11 43 53 20 10 17 34 46 29 1 32 62 31 22 26 41 37 51 12 21 42 33 30 61 47 2 16 56 7 4 8 59 55 57 39 24 6 50 19
G=45 C3=376  # ladder rung
SEQ=63 0 11 52 12 51 37 41 46 29 22 26 58 23 5 40 10 20 43 53 17 34 45 18 33 30 13 44 57 39 54 27 42 21 6 24 49 35 50 19 38 25 60 15 3 48 59 55 28 14 62 31 1 32 9 36 4 8 7 56 16 2 47 61
G=46 C3=384  # ladder rung
SEQ=63 0 14 28 35 49 4 8 43 53 38 25 60 15 51 12 57 39 52 11 6 24 20 10 48 3 58 23 47 61 40 5 22 26 16 2 30 33 41 37 59 55 54 27 9 36 45 18 56 7 17 34 46 29 1 32 62 31 19 50 42 21 13 44
G=47 C3=392  # ladder rung
SEQ=63 0 50 19 54 27 13 44 26 22 52 11 29 46 57 39 24 6 17 34 32 1 9 36 62 31 20 10 40 5 23 58 53 43 60 15 41 37 7 56 28 14 3 48 35 49 4 8 16 2 33 30 55 59 61 47 21 42 45 18 51 12 38 25
G=48 C3=400  # ladder rung
SEQ=63 0 22 26 41 37 20 10 44 13 12 51 25 38 53 43 17 34 27 54 7 56 50 19 11 52 29 46 40 5 36 9 57 39 24 6 35 49 2 16 14 28 30 33 61 47 42 21 31 62 48 3 15 60 23 58 32 1 18 45 55 59 8 4
G=49 C3=408  # ladder rung
SEQ=63 0 50 19 31 62 13 44 20 10 32 1 35 49 28 14 25 38 22 26 23 58 40 5 46 29 7 56 53 43 17 34 18 45 3 48 41 37 60 15 8 4 9 36 21 42 24 6 30 33 57 39 52 11 27 54 12 51 55 59 47 61 2 16
G=50 C3=416  # ladder rung
SEQ=63 0 50 19 9 36 17 34 29 46 56 7 30 33 38 25 45 18 11 52 12 51 42 21 54 27 61 47 2 16 55 59 8 4 3 48 60 15 23 58 40 5 53 43 10 20 28 14 35 49 32 1 31 62 57 39 6 24 26 22 13 44 41 37
G=51 C3=424  # ladder rung
SEQ=63 0 19 50 13 44 49 35 6 24 20 10 39 57 28 14 3 48 60 15 36 9 21 42 43 53 34 17 40 5 23 58 47 61 27 54 7 56 52 11 2 16 1 32 18 45 46 29 26 22 38 25 51 12 41 37 33 30 55 59 8 4 62 31
G=95 C3=776  # tie at KW's value, pair-slot layout != KW (--not-kw)
SEQ=63 0 25 38 53 43 49 35 5 40 46 29 6 24 44 13 39 57 19 50 36 9 51 12 41 37 56 7 61 47 28 14 26 22 20 10 17 34 58 23 11 52 54 27 18 45 42 21 1 32 31 62 15 60 30 33 48 3 59 55 16 2 8 4
G=97 C3=792  # above the C3<=776 ceiling (G>=96 requested)
SEQ=63 0 17 34 23 58 2 16 55 59 7 56 61 47 4 8 25 38 3 48 41 37 32 1 57 39 33 30 18 45 28 14 60 15 40 5 53 43 20 10 35 49 31 62 24 6 26 22 29 46 9 36 52 11 13 44 54 27 21 42 12 51 50 19
