# Q4(a,c) C3 census — ESTIMATE over SUPER, space=C1C2C4C5-SUPERSPACE
# walk-functional units (cd_true = 2*(walk_cd+1)); threshold used T=387
# population: orientation-explicit WALKS uniform over SUPER; mu_rec is the HT record-level companion
requested_M	1000000
realised_M	1000000
cd	count	fraction
139	1	0.000001
151	2	0.000002
159	3	0.000003
163	1	0.000001
167	2	0.000002
171	7	0.000007
175	9	0.000009
179	5	0.000005
183	19	0.000019
187	12	0.000012
191	17	0.000017
195	35	0.000035
199	31	0.000031
203	48	0.000048
207	54	0.000054
211	62	0.000062
215	70	0.000070
219	99	0.000099
223	111	0.000111
227	149	0.000149
231	162	0.000162
235	182	0.000182
239	215	0.000215
243	266	0.000266
247	239	0.000239
251	337	0.000337
255	405	0.000405
259	458	0.000458
263	520	0.000520
267	630	0.000630
271	726	0.000726
275	816	0.000816
279	899	0.000899
283	1035	0.001035
287	1193	0.001193
291	1268	0.001268
295	1431	0.001431
299	1636	0.001636
303	1799	0.001799
307	1999	0.001999
311	2195	0.002195
315	2407	0.002407
319	2672	0.002672
323	2858	0.002858
327	3294	0.003294
331	3452	0.003452
335	3675	0.003675
339	4034	0.004034
343	4482	0.004482
347	4674	0.004674
351	5121	0.005121
355	5620	0.005620
359	6020	0.006020
363	6429	0.006429
367	6742	0.006742
371	7063	0.007063
375	7511	0.007511
379	7919	0.007919
383	8649	0.008649
387	9167	0.009167
391	9686	0.009686
395	10098	0.010098
399	10534	0.010534
403	10886	0.010886
407	11501	0.011501
411	11823	0.011823
415	12365	0.012365
419	12879	0.012879
423	13302	0.013302
427	13695	0.013695
431	14148	0.014148
435	14646	0.014646
439	14836	0.014836
443	15467	0.015467
447	15770	0.015770
451	15998	0.015998
455	16483	0.016483
459	16814	0.016814
463	16930	0.016930
467	17135	0.017135
471	17257	0.017257
475	17479	0.017479
479	17890	0.017890
483	17958	0.017958
487	17733	0.017733
491	17891	0.017891
495	17990	0.017990
499	17974	0.017974
503	17785	0.017785
507	17429	0.017429
511	17443	0.017443
515	17480	0.017480
519	17277	0.017277
523	17215	0.017215
527	16814	0.016814
531	16348	0.016348
535	15911	0.015911
539	15607	0.015607
543	15480	0.015480
547	15014	0.015014
551	14529	0.014529
555	14148	0.014148
559	13747	0.013747
563	13364	0.013364
567	12762	0.012762
571	12261	0.012261
575	11969	0.011969
579	11392	0.011392
583	10904	0.010904
587	10487	0.010487
591	9936	0.009936
595	9346	0.009346
599	8751	0.008751
603	8350	0.008350
607	8145	0.008145
611	7389	0.007389
615	7079	0.007079
619	6753	0.006753
623	6238	0.006238
627	5751	0.005751
631	5418	0.005418
635	5068	0.005068
639	4729	0.004729
643	4313	0.004313
647	3953	0.003953
651	3654	0.003654
655	3320	0.003320
659	2988	0.002988
663	2716	0.002716
667	2519	0.002519
671	2334	0.002334
675	2113	0.002113
679	1925	0.001925
683	1742	0.001742
687	1452	0.001452
691	1356	0.001356
695	1164	0.001164
699	1054	0.001054
703	935	0.000935
707	818	0.000818
711	787	0.000787
715	656	0.000656
719	535	0.000535
723	502	0.000502
727	430	0.000430
731	344	0.000344
735	306	0.000306
739	272	0.000272
743	223	0.000223
747	207	0.000207
751	151	0.000151
755	137	0.000137
759	111	0.000111
763	114	0.000114
767	89	0.000089
771	74	0.000074
775	59	0.000059
779	45	0.000045
783	34	0.000034
787	28	0.000028
791	31	0.000031
795	15	0.000015
799	17	0.000017
803	9	0.000009
807	7	0.000007
811	6	0.000006
815	8	0.000008
819	7	0.000007
823	2	0.000002
827	7	0.000007
831	2	0.000002
843	1	0.000001
847	1	0.000001
851	1	0.000001
855	2	0.000002
p_hat_cd_le_T	0.12093700
wilson95_lo	0.12029940
wilson95_hi	0.12157751
c15_accepted_draws	120937
mu_hat_P_C15_cd_eq_T	0.07579980
mu_wilson95_lo	0.07432152
mu_wilson95_hi	0.07730502
c15_ht_weight_sum	0.03056271
c15_ht_weight_sum_at_T	0.00232120
mu_rec_C15_HT	0.07594891
mu_rec_ht_n_eff	17882.6966
mu_rec_wilson95_lo	0.07215657
mu_rec_wilson95_hi	0.07992339
label_mu_rec	ESTIMATE (HT 1/m reweighting, V4_RECORD_CONVENTION_DECISION_2026_07_14): the RECORD-level companion to mu_hat above, over the same draws; the interval is Wilson at the EFFECTIVE sample size n_eff = (sum w)^2 / sum w^2, never at the draw count
cd	count	wilson95_lo	wilson95_hi
139	1	0.00000018	0.00000566
151	2	0.00000055	0.00000729
159	3	0.00000102	0.00000882
163	1	0.00000018	0.00000566
167	2	0.00000055	0.00000729
171	7	0.00000339	0.00001445
175	9	0.00000474	0.00001711
179	5	0.00000214	0.00001171
183	19	0.00001216	0.00002968
187	12	0.00000686	0.00002098
191	17	0.00001061	0.00002723
195	35	0.00002517	0.00004867
199	31	0.00002184	0.00004400
203	48	0.00003621	0.00006363
207	54	0.00004139	0.00007045
211	62	0.00004837	0.00007947
215	70	0.00005541	0.00008843
219	99	0.00008133	0.00012052
223	111	0.00009218	0.00013366
227	149	0.00012692	0.00017492
231	162	0.00013890	0.00018894
235	182	0.00015741	0.00021043
239	215	0.00018812	0.00024572
243	266	0.00023590	0.00029994
247	239	0.00021056	0.00027128
251	337	0.00030289	0.00037494
255	405	0.00036744	0.00044640
259	458	0.00041794	0.00050190
263	520	0.00047720	0.00056664
267	630	0.00058270	0.00068113
271	726	0.00067509	0.00078074
275	816	0.00076192	0.00087392
279	899	0.00084215	0.00095969
283	1035	0.00097387	0.00109997
287	1193	0.00112723	0.00126260
291	1268	0.00120014	0.00133969
295	1431	0.00135880	0.00150703
299	1636	0.00155868	0.00171715
303	1799	0.00171784	0.00188399
307	1999	0.00191335	0.00208848
311	2195	0.00210517	0.00228866
315	2407	0.00231285	0.00250497
319	2672	0.00257271	0.00277511
323	2858	0.00275526	0.00296456
327	3294	0.00318359	0.00340823
331	3452	0.00333894	0.00356888
335	3675	0.00355829	0.00379552
339	4034	0.00391166	0.00416015
343	4482	0.00435297	0.00461484
347	4674	0.00454221	0.00480960
351	5121	0.00498299	0.00526281
355	5620	0.00547537	0.00576843
359	6020	0.00587027	0.00617352
363	6429	0.00627424	0.00658755
367	6742	0.00658350	0.00690429
371	7063	0.00690075	0.00722904
375	7511	0.00734366	0.00768213
379	7919	0.00774716	0.00809462
383	8649	0.00846939	0.00883238
387	9167	0.00898208	0.00935569
391	9686	0.00949592	0.00987985
395	10098	0.00990392	0.01029585
399	10534	0.01033577	0.01073599
403	10886	0.01068449	0.01109127
407	11501	0.01129389	0.01171186
411	11823	0.01161302	0.01203673
415	12365	0.01215027	0.01258347
419	12879	0.01265987	0.01310187
423	13302	0.01307932	0.01352842
427	13695	0.01346907	0.01392467
431	14148	0.01391839	0.01438135
435	14646	0.01441240	0.01488332
439	14836	0.01460090	0.01507482
443	15467	0.01522699	0.01571073
447	15770	0.01552767	0.01601605
451	15998	0.01575394	0.01624578
455	16483	0.01623530	0.01673441
459	16814	0.01656385	0.01706786
463	16930	0.01667900	0.01718472
467	17135	0.01688250	0.01739121
471	17257	0.01700361	0.01751410
475	17479	0.01722400	0.01773771
479	17890	0.01763205	0.01815165
483	17958	0.01769956	0.01822014
487	17733	0.01747617	0.01799353
491	17891	0.01763304	0.01815266
495	17990	0.01773134	0.01825237
499	17974	0.01771545	0.01823625
503	17785	0.01752780	0.01804591
507	17429	0.01717436	0.01768735
511	17443	0.01718826	0.01770145
515	17480	0.01722499	0.01773872
519	17277	0.01702346	0.01753425
523	17215	0.01696191	0.01747180
527	16814	0.01656385	0.01706786
531	16348	0.01610131	0.01659841
535	15911	0.01566760	0.01615812
539	15607	0.01536592	0.01585180
543	15480	0.01523989	0.01572383
547	15014	0.01477751	0.01525422
551	14529	0.01429633	0.01476540
555	14148	0.01391839	0.01438135
559	13747	0.01352064	0.01397709
563	13364	0.01314080	0.01359093
567	12762	0.01254387	0.01298388
571	12261	0.01204717	0.01247857
575	11969	0.01175773	0.01218402
579	11392	0.01118587	0.01160188
583	10904	0.01070233	0.01110943
587	10487	0.01028921	0.01068855
591	9936	0.00974348	0.01013229
595	9346	0.00915928	0.00953649
599	8751	0.00857033	0.00893544
603	8350	0.00817353	0.00853025
607	8145	0.00797072	0.00832306
611	7389	0.00722303	0.00755876
615	7079	0.00691656	0.00724522
619	6753	0.00659437	0.00691542
623	6238	0.00608557	0.00639422
627	5751	0.00560468	0.00590112
631	5418	0.00527601	0.00556379
635	5068	0.00493071	0.00520909
639	4729	0.00459643	0.00486538
643	4313	0.00418645	0.00444336
647	3953	0.00383191	0.00407790
651	3654	0.00353763	0.00377418
655	3320	0.00320915	0.00343467
659	2988	0.00288292	0.00309690
663	2716	0.00261589	0.00281993
667	2519	0.00242265	0.00261918
671	2334	0.00224131	0.00243051
675	2113	0.00202489	0.00220493
679	1925	0.00184098	0.00201284
683	1742	0.00166216	0.00182567
687	1452	0.00137926	0.00152857
691	1356	0.00128577	0.00143007
695	1164	0.00109906	0.00123277
699	1054	0.00099229	0.00111954
703	935	0.00087698	0.00099685
707	818	0.00076385	0.00087598
711	787	0.00073392	0.00084391
715	656	0.00060770	0.00070814
719	535	0.00049156	0.00058228
723	502	0.00045997	0.00054786
727	430	0.00039124	0.00047260
731	344	0.00030952	0.00038232
735	306	0.00027359	0.00034225
739	272	0.00024154	0.00030630
743	223	0.00019559	0.00025425
747	207	0.00018066	0.00023718
751	151	0.00012876	0.00017708
755	137	0.00011590	0.00016194
759	111	0.00009218	0.00013366
763	114	0.00009491	0.00013693
767	89	0.00007233	0.00010951
771	74	0.00005895	0.00009289
775	59	0.00004574	0.00007610
779	45	0.00003363	0.00006021
783	34	0.00002433	0.00004751
787	28	0.00001937	0.00004047
791	31	0.00002184	0.00004400
795	15	0.00000909	0.00002475
799	17	0.00001061	0.00002723
803	9	0.00000474	0.00001711
807	7	0.00000339	0.00001445
811	6	0.00000275	0.00001309
815	8	0.00000405	0.00001579
819	7	0.00000339	0.00001445
823	2	0.00000055	0.00000729
827	7	0.00000339	0.00001445
831	2	0.00000055	0.00000729
843	1	0.00000018	0.00000566
847	1	0.00000018	0.00000566
851	1	0.00000018	0.00000566
855	2	0.00000055	0.00000729
label	ESTIMATE-with-CI (exact C15 count PRICED AND DECLINED, TR-12 s9)
