# Q10(a) — (i) the N/24 identity, stated once; (ii) the per-layer mod-24 gate; (iii) the per-layer
# STATE census by G-orbit-size class + branching histogram, transcribed from the f-ladder sidecars.
# (iv) KW-orbit-rank: MEASURED separately as TR12_Q10A_KWRANK (row c_q10a_kwrank, N3 2026-09-10);
# this line used to ASSERT it was dropped. Q-394 §5 / D5-08.
N_div_24	45710469949549241251504669632357466112	# = N/24, the RECORD-level orbit identity. NOT the number of walk-orbits: 24 is the record-level divisor, and at the orientation-explicit sequence level orbits have size 48, so N/24 is 2x the sequence-orbit count (TR-11 sec2 precision note; measured n=9: 544 walk-orbits, N/24 = 1088). Identical at every layer because every layer flow == N (gated in c_atlas)
## per-layer flow mod-24 gate (atlas layers[k].flow)
k	flow	flow_mod_24
0	1097051278789181790036112071176579186688	0
1	1097051278789181790036112071176579186688	0
2	1097051278789181790036112071176579186688	0
3	1097051278789181790036112071176579186688	0
4	1097051278789181790036112071176579186688	0
5	1097051278789181790036112071176579186688	0
6	1097051278789181790036112071176579186688	0
7	1097051278789181790036112071176579186688	0
8	1097051278789181790036112071176579186688	0
9	1097051278789181790036112071176579186688	0
10	1097051278789181790036112071176579186688	0
11	1097051278789181790036112071176579186688	0
12	1097051278789181790036112071176579186688	0
13	1097051278789181790036112071176579186688	0
14	1097051278789181790036112071176579186688	0
15	1097051278789181790036112071176579186688	0
16	1097051278789181790036112071176579186688	0
17	1097051278789181790036112071176579186688	0
18	1097051278789181790036112071176579186688	0
19	1097051278789181790036112071176579186688	0
20	1097051278789181790036112071176579186688	0
21	1097051278789181790036112071176579186688	0
22	1097051278789181790036112071176579186688	0
23	1097051278789181790036112071176579186688	0
24	1097051278789181790036112071176579186688	0
25	1097051278789181790036112071176579186688	0
26	1097051278789181790036112071176579186688	0
27	1097051278789181790036112071176579186688	0
28	1097051278789181790036112071176579186688	0
29	1097051278789181790036112071176579186688	0
30	1097051278789181790036112071176579186688	0
Q10A_LAYER_MOD24_FAILS	0
## per-layer state census, transcribed from f1c5_layer_stats_XX.json (frame: canonical quotient, orbit-unweighted; mass_total = f-prefix mass)
k	n_masks	n_entries	mass_total	orbit_size_census[size,n_masks,n_entries]	branching_hist[children,n_states]
0	1	1	1	NA:schema-v1-sidecar	[[56,1]]
1	7	12	12	NA:schema-v1-sidecar	[[54,10],[55,2]]
2	56	263	356	NA:schema-v1-sidecar	[[47,2],[48,1],[52,170],[53,80],[54,10]]
3	378	6012	13172	NA:schema-v1-sidecar	[[44,28],[45,94],[46,103],[47,36],[48,12],[49,46],[50,3009],[51,2098],[52,560],[53,22],[54,4]]
4	2087	110732	525144	NA:schema-v1-sidecar	[[41,30],[42,1512],[43,2774],[44,3995],[45,1762],[46,987],[47,1500],[48,40349],[49,39840],[50,16241],[51,1496],[52,244],[54,2]]
5	9707	1418864	21990248	NA:schema-v1-sidecar	[[39,1474],[40,31005],[41,47632],[42,79731],[43,41858],[44,29920],[45,26254],[46,387448],[47,471548],[48,256376],[49,38288],[50,7197],[51,44],[52,89]]
6	38262	12465946	932313420	NA:schema-v1-sidecar	[[37,20880],[38,309205],[39,456210],[40,861782],[41,511738],[42,441834],[43,294204],[44,2675999],[45,3722988],[46,2523744],[47,531204],[48,112004],[49,1928],[50,2226]]
7	128414	78990559	39085952224	NA:schema-v1-sidecar	[[28,2],[29,6],[30,22],[31,54],[32,111],[33,576],[34,1830],[35,133452],[36,1805690],[37,2671337],[38,5757140],[39,3824206],[40,3857606],[41,2294480],[42,14028530],[43,21305976],[44,17356482],[45,4749440],[46,1138838],[47,35878],[48,28903]]
8	369823	383080548	1600185181992	NA:schema-v1-sidecar	[[25,78],[26,11226],[27,105302],[28,415944],[29,893780],[30,1143538],[31,928209],[32,497054],[33,688560],[34,7121701],[35,10770238],[36,26720855],[37,19807968],[38,22925925],[39,13301700],[40,58135827],[41,92617858],[42,88361478],[43,29759582],[44,8248811],[45,386392],[46,238522]]
9	919819	1470651410	63397557761152	NA:schema-v1-sidecar	[[18,3412],[19,5939],[20,36125],[21,52326],[22,192146],[23,438633],[24,1181875],[25,2080351],[26,3810136],[27,6434606],[28,10598600],[29,12872996],[30,11322409],[31,8211621],[32,23411622],[33,32969576],[34,91838608],[35,75521363],[36,99290059],[37,58857321],[38,193212039],[39,310950868],[40,342128492],[41,137143048],[42,43882726],[43,2780246],[44,1424267]]
10	1986807	4522319129	2414056261317696	NA:schema-v1-sidecar	[[15,2],[16,9042],[17,22208],[18,157623],[19,413786],[20,1541088],[21,3841432],[22,9110643],[23,14937096],[24,21971127],[25,29271833],[26,45603454],[27,63391640],[28,68957034],[29,53128661],[30,70893957],[31,82338286],[32,241257186],[33,217784202],[34,322550734],[35,200011436],[36,523033537],[37,828053402],[38,1039334944],[39,485863694],[40,177947793],[41,14489904],[42,6403385]]
11	3746013	11297381503	87896636191335824	NA:schema-v1-sidecar	[[13,14],[14,11691],[15,38148],[16,272978],[17,880913],[18,3430249],[19,9167963],[20,23192998],[21,43846665],[22,71005948],[23,93768348],[24,127825247],[25,174822919],[26,220730457],[27,209646801],[28,214316396],[29,194589327],[30,507597948],[31,490487048],[32,812769206],[33,536468819],[34,1186165761],[35,1797276808],[36,2550716001],[37,1374361114],[38,572955105],[39,58313748],[40,22722883]]
12	6191140	23398431312	3046151386038954336	NA:schema-v1-sidecar	[[12,9194],[13,32616],[14,237448],[15,818946],[16,3545848],[17,10914607],[18,31978276],[19,72865572],[20,139188922],[21,208255453],[22,281191353],[23,369543938],[24,495570247],[25,557716912],[26,563725449],[27,452171845],[28,902522948],[29,895322087],[30,1635694190],[31,1161224606],[32,2294681279],[33,3248270954],[34,5152244780],[35,3168996016],[36,1498957862],[37,186921972],[38,65827992]]
13	8998676	40833342233	100026173457066432448	NA:schema-v1-sidecar	[[10,5450],[11,23156],[12,165484],[13,616758],[14,2760024],[15,9532632],[16,30971544],[17,81511996],[18,181806088],[19,323367100],[20,487907807],[21,657702964],[22,871399922],[23,1076656329],[24,1188940657],[25,1000035864],[26,1465241102],[27,1400007704],[28,2688760879],[29,2054671871],[30,3813392527],[31,4956378406],[32,8656854291],[33,6014440220],[34,3226347506],[35,485132710],[36,158711242]]
14	11530906	60643413855	3097867784368410264832	NA:schema-v1-sidecar	[[8,2380],[9,12672],[10,87714],[11,351804],[12,1524952],[13,5729806],[14,20379598],[15,62534082],[16,165546088],[17,360047780],[18,652657526],[19,982647810],[20,1324641250],[21,1689362883],[22,2012304372],[23,1891834290],[24,2242179820],[25,1978773691],[26,3689045726],[27,3005427572],[28,5439190024],[29,6445251604],[30,12155264401],[31,9431758870],[32,5737704068],[33,1028764450],[34,320388622]]
15	13047760	76987817848	90052419675597035942400	NA:schema-v1-sidecar	[[6,806],[7,5260],[8,37006],[9,171246],[10,715292],[11,2860958],[12,10578464],[13,36781360],[14,112863408],[15,295009700],[16,718667586],[17,1155385594],[18,1701445770],[19,2213697542],[20,2780653180],[21,2929082824],[22,3213110434],[23,2687474220],[24,4379972844],[25,3699723710],[26,6625604902],[27,7180811434],[28,14283841664],[29,12210172872],[30,8422475454],[31,1784537432],[32,542136886]]
16	13047760	83585570784	2444197984980967475487616	NA:schema-v1-sidecar	[[0,4],[1,124],[2,2316],[3,21064],[4,127248],[5,567708],[6,1985784],[7,5633812],[8,13192242],[9,26222196],[10,45054742],[11,72689086],[12,123741124],[13,262732152],[14,706372384],[15,1077916162],[16,1879887040],[17,2348363944],[18,3074010006],[19,3512236494],[20,3953756002],[21,3362198578],[22,4581119524],[23,3867271342],[24,6824905620],[25,6887146992],[26,14147161532],[27,13172673034],[28,10296144402],[29,2568958212],[30,773479914]]
17	11530906	77425711716	61593356848176359504148224	NA:schema-v1-sidecar	[[0,13154],[1,3900],[2,283680],[3,308316],[4,3233080],[5,4998676],[6,20810672],[7,30146332],[8,73099368],[9,89204508],[10,160949626],[11,233039128],[12,631471052],[13,795020346],[14,1616749130],[15,1989538754],[16,2916434742],[17,3278829268],[18,3935924080],[19,3616679662],[20,4352921318],[21,3580642692],[22,5996257154],[23,5729172144],[24,11921505066],[25,11911653888],[26,10532796270],[27,3065778294],[28,938247416]]
18	8998676	61293906654	1432231095076568571241192448	NA:schema-v1-sidecar	[[0,96336],[1,36602],[2,1633218],[3,1689038],[4,12930320],[5,16015432],[6,53434034],[7,60792514],[8,126626928],[9,158543016],[10,444000290],[11,456809096],[12,1093518944],[13,1294113706],[14,2212345206],[15,2522236232],[16,3392894398],[17,3295701382],[18,3796534538],[19,3070458298],[20,4599192834],[21,4156272624],[22,8549449760],[23,9002325432],[24,8985998168],[25,3027255686],[26,963002622]]
19	6191140	41584984170	30518765031825855498180156416	NA:schema-v1-sidecar	[[0,153148],[1,130102],[2,2479178],[3,3183084],[4,16884438],[5,21143108],[6,58776554],[7,76914576],[8,246923876],[9,223519990],[10,624418532],[11,675744454],[12,1395217566],[13,1583811620],[14,2400007028],[15,2481170378],[16,3004989538],[17,2432138972],[18,3168086826],[19,2680936400],[20,5221621604],[21,5653621598],[22,6338943238],[23,2449209636],[24,824958726]]
20	3746013	24094948608	591383194657428677835988389888	NA:schema-v1-sidecar	[[0,193724],[1,193442],[2,2941246],[3,4522182],[4,19818126],[5,31650088],[6,114797834],[7,107784330],[8,313089254],[9,295035308],[10,721704254],[11,786863304],[12,1396607764],[13,1492717262],[14,1993893064],[15,1708251368],[16,2020450332],[17,1566911218],[18,2724614308],[19,2935102344],[20,3661549386],[21,1613302458],[22,582956012]]
21	1986807	11810354354	10328919604306461559425976907776	NA:schema-v1-sidecar	[[0,264878],[1,481354],[2,4100958],[3,8557574],[4,39341976],[5,47728474],[6,142757204],[7,132904160],[8,325487206],[9,313324594],[10,655159894],[11,694484758],[12,1065009282],[13,972274848],[14,1136051326],[15,836283702],[16,1241191308],[17,1265680166],[18,1728111822],[19,862856624],[20,338302246]]
22	919819	4840233152	161020239059682853942043587274752	NA:schema-v1-sidecar	[[0,416526],[1,1329456],[2,8319418],[3,13827276],[4,46943398],[5,55126100],[6,129656448],[7,114408288],[8,246390110],[9,244670962],[10,441671934],[11,428448742],[12,541390076],[13,398641942],[14,502393846],[15,460618194],[16,669205600],[17,374763268],[18,162011568]]
23	369823	1643386030	2212627167771401138376209120804864	NA:schema-v1-sidecar	[[0,804368],[1,2123840],[2,9182304],[3,14461990],[4,37840264],[5,38911582],[6,78453150],[7,69842496],[8,139851382],[9,141617324],[10,207348306],[11,162564796],[12,185584948],[13,146671892],[14,213322358],[15,131426572],[16,63378458]]
24	128414	459819732	26453489801717870372121775963576320	NA:schema-v1-sidecar	[[0,651570],[1,1609106],[2,6207814],[3,8918972],[4,20259598],[5,18993884],[6,36162014],[7,34967398],[8,61153838],[9,53436118],[10,61868810],[11,42668960],[12,56574318],[13,36505514],[14,19841818]]
25	38262	105376944	270030606291539523751383090028240896	NA:schema-v1-sidecar	[[0,412834],[1,877114],[2,3146422],[3,4017104],[4,8247138],[5,7388928],[6,13805210],[7,13139708],[8,17338982],[9,11404738],[10,12894344],[11,7893950],[12,4810472]]
26	9707	19466384	2304104797647856649003317163105550336	NA:schema-v1-sidecar	[[0,207710],[1,398004],[2,1280186],[3,1448054],[4,2615216],[5,2373158],[6,3734454],[7,2603418],[8,2614868],[9,1318338],[10,872978]]
27	2087	2823150	15953110942897002650182315653711888384	NA:schema-v1-sidecar	[[0,89118],[1,147564],[2,402574],[3,380382],[4,608634],[5,441096],[6,455262],[7,178402],[8,120118]]
28	378	307746	86219466569536189560233996897479032832	NA:schema-v1-sidecar	[[0,32770],[1,41122],[2,79912],[3,58374],[4,62542],[5,19472],[6,13554]]
29	56	22824	328492926672597858008987250293978169344	NA:schema-v1-sidecar	[[0,7260],[1,5468],[2,7084],[3,1768],[4,1244]]
30	7	1056	797714679524004329369031179336031404032	NA:schema-v1-sidecar	[[0,724],[1,228],[2,104]]
31	1	32	1097051278789181790036112071176579186688	NA:schema-v1-sidecar	[[0,32]]
Q10A_SIDECAR_SCHEMA	v1 on 32 layer(s): no orbit_size_census (built before sidecar schema v2, 317dda34); that column is NA there, every other field is read and gated
Q10A_SIDECARS_MISSING	0
Q10A_LAST_LAYER_MASS_EQ_N	YES (1097051278789181790036112071176579186688)
